„73-

nomina

3313313111 populorum 1311311. ot 311ρί131.
cum 1 sine 3111111 sine cum 1 11113

articulo articulo articulo
3111165111

1 18, 25 1)11,..ξ8151Ι
133 1

111 oratione

xxxxxu 53 1 32129113110
7,181)11,10,115131,6131,1
11,12511,13 18,19,20 22 {3’
511, 21, 25, 261 bis, 25, 28, 31
bis, 30 31511 1321111, 34 35
3211113131, 331 44, 50, 531 31,
bis, 34131, 35 58 511
quat 31, 36, 376 6565, 7016178.
5381111191 1
3114541412, 1
43, 451111, 41, 1
49, 50, 51, 52,1
’ 60131, 62, 63

233,53

5 1 32 S3 2 3 13
1851115111151131311Μ131151
115ΗΜ55551515 2,555
555555111 5555
55511515, 1 5 55
155525150 55
1555515551 251
1113631313, (1113131,18511, 1 33, 34·
515555555 1 55

61.

555515551

...w-*m

)Slgg1us 311 p 431: ,Sech3 1111111311 sallon auf das supponierte

,3311ςηί11 15, in 113113111311113111 sie (131 allgemeinen Sitte gemaess
ι’1113111 mit Ar tikeln gebraueht 3 3111311 konntenst‘

 

