..50-- ·

nomina

111 sonarum 1111111111 mouonetunuuur.
1111111 sine 11111 1 sinu 111111 sine

articulo 11111111 articulo
u 111

111 01111 10118

10111, 11111, 1111111811- 1120
12111,13,15 111, 19 2011
quinquies, 16 25, 26 21, 29
111,18111,19111,,303132.

11111311 201 11,

21 quinquies,

22111, 23, 21 1
11,11,1 Β
111, 29111,

30, 32. 1

u 15 1 2 - 4
111111111,1111 qu
ffimwfflffl1wuffl,ffl. m,
11,1 11,11, 'uu
Qm Qm‚Q.

85 233 51 45 13 30
312,3,,1121,3311,113 §82 1321313 ,
2211111123, 2111111113111, 11118, 1925, 30111, 1111111, q
11114111 11111111,
1113031111- 10 (1111111111, 29111, 31111, 37, 9, 3ο, 1
ter, 32 111, 33 11 111, 13111, 30,33 31111, 38111, 32,

111, 35, 36111, 111111111,15,111,35, 40, 9191133111.
31111, 3310 1611111111, 36111, 15111, 100, 35, 36,
1114511116, 1811119111· 3113111111, lul, 3118
49, 50111, 51, 1112011121 81, 91 48118, 101. 19,
52111, 53111, 1112211123, 111, 96 50, 51. 16111,
55 quater, 56, 21 quater, 25 quater 1213, 91111,
58, 59 quin· quuter,26bi3, 91, 98 ι8184, 95111,
quies. 60111, 2111128111, quin· 88111, 99,
6116168111, 2911130111- quies, 89, 90, 108

1
1

 

